{
 "cells": [
  {
   "cell_type": "markdown",
   "id": "e7d256f44bf7a482",
   "metadata": {
    "collapsed": false
   },
   "source": [
    "# An Empirical Comparative Analysis of Particle Swarm Optimization Algorithms for the NP-Hard Traveling Salesman Problem\n",
    "\n",
    "\n",
    "## Particle Swarm Optimization Algorithm\n",
    "\n",
    "## Hybrid Discrete Particle Swarm Optimization Algorithm\n",
    "\n",
    "## Adaptive Particle Swarm Optimization Algorithm\n",
    "\n",
    "## Random Sampling\n",
    "\n",
    "## Stochastic Hill Climbing\n",
    "\n",
    "#\n",
    "\n",
    "\n",
    "\n",
    "\n",
    "\n",
    "\n",
    "\n",
    "\n",
    "| Search Algorithm         | Optimization Problem                 | Hyperparameters                                |\n",
    "|--------------------------|--------------------------------------|-------------------------------------------------|\n",
    "| PSO                      | Traveling Salesman Problem (TSP)     | Population size, inertia weight, acceleration coefficients, maximum velocity |\n",
    "| HPSO                     | Traveling Salesman Problem (TSP)     | Population size, inertia weight, acceleration coefficients, maximum velocity, probability threshold |\n",
    "| Random Sampling          | Traveling Salesman Problem (TSP)     | Number of samples                               |\n",
    "| Stochastic Hill Climbing | Traveling Salesman Problem (TSP)     | Neighborhood size, maximum iterations, acceptance probability |\n",
    "| Adaptive PSO             | Traveling Salesman Problem (TSP)     | Population size, inertia weight adaptation strategy, acceleration coefficients, maximum velocity |"
   ]
  },
  {
   "cell_type": "markdown",
   "id": "88e8ba784e8e835",
   "metadata": {
    "collapsed": false
   },
   "source": [
    "# Base class definition and helper functions"
   ]
  },
  {
   "cell_type": "code",
   "execution_count": 1,
   "id": "7b74acdba6ca0272",
   "metadata": {
    "ExecuteTime": {
     "end_time": "2024-04-01T03:17:51.103688Z",
     "start_time": "2024-04-01T03:17:51.097947Z"
    },
    "collapsed": false
   },
   "outputs": [
    {
     "name": "stdout",
     "output_type": "stream",
     "text": [
      "[0, 529.5280917949491, 1158.015543937127, 771.7512552629895, 482.59714048054616, 332.41540277189324, 1217.4152947946727, 364.0054944640259, 616.1168720299745, 629.3647591023825, 1249.0796611905903, 540.3702434442519, 456.9463863518345, 1238.2245353731284, 948.4724561103501, 574.8912940721924, 1488.388390172404, 1134.063490286148, 817.4350127074323, 671.1929677819934, 320.1562118716424, 1422.3923509355639, 864.002314811714, 282.3118842698621, 978.6725703727473, 756.6372975210778, 460.10868281309365, 186.01075237738274, 820.0609733428363]\n",
      "[529.5280917949491, 0, 730.0684899377592, 572.7128425310541, 388.9730067755345, 572.8001396647875, 1435.4441821262155, 860.5230967266364, 620.966987850401, 359.02646142032484, 1129.6902230257638, 837.3768566183329, 466.9047011971501, 967.470929795826, 769.4153624668538, 796.3039620647382, 1142.322196230118, 817.8630692236935, 819.8780397107853, 272.9468812791236, 228.25424421026653, 1168.4177335182824, 1280.8200498118383, 650.0, 1086.0018416190646, 490.40799340956914, 864.002314811714, 677.7905281132217, 418.68842830916645]\n",
      "[1158.015543937127, 730.0684899377592, 0, 1218.2774724995943, 712.5307010929424, 990.2019995940223, 2160.023148024113, 1521.2166183683375, 769.0253571892152, 1028.2509421342631, 1735.396208362805, 1149.3476410555686, 1194.7384651043926, 1467.310464761974, 1385.712812959453, 1526.3354808167173, 1511.985449665439, 1299.7307413460683, 1516.443206981389, 890.2246907382428, 852.3496934944014, 1652.4527224704493, 1990.6029237394382, 1355.1752654177244, 1796.5522536235899, 451.7742799230607, 1570.1273833673497, 1233.2072007574395, 338.3784863137726]\n",
      "[771.7512552629895, 572.7128425310541, 1218.2774724995943, 0, 930.0, 1009.603882718366, 1006.2305898749054, 910.2197536858888, 1160.6894502837526, 213.7755832643195, 557.3149917237109, 1271.3772060250255, 325.5764119219941, 466.47615158762403, 200.0, 539.351462406472, 728.3543093852057, 376.4306044943742, 326.49655434629017, 331.2099032335839, 674.7592163134935, 653.9113089708726, 1098.9540481748998, 648.1512169239521, 614.00325732035, 1062.308806327049, 778.7810988975015, 957.183368012629, 962.5487000666511]\n",
      "[482.59714048054616, 388.9730067755345, 712.5307010929424, 930.0, 0, 282.842712474619, 1647.5436261295176, 841.1896337925236, 233.45235059857504, 721.1102550927978, 1482.7339613025663, 499.29950931279717, 724.2237223399962, 1351.4806694880988, 1130.0, 984.7842403288143, 1531.012736720371, 1205.404496424333, 1118.257573191436, 659.6969000988257, 272.02941017470886, 1551.9342769589182, 1346.1797799699712, 735.5270219373317, 1348.517704741024, 278.5677655436824, 936.055553906925, 523.9274758971894, 393.19206502675]\n",
      "[332.41540277189324, 572.8001396647875, 990.2019995940223, 1009.603882718366, 282.842712474619, 0, 1549.451515859725, 636.5532185135819, 306.10455730027934, 824.6211251235321, 1531.8289721767244, 269.2582403567252, 732.4616030891995, 1465.3668482670132, 1203.0378215168466, 905.2071586106686, 1682.3792675850473, 1337.5350462698163, 1120.0446419674531, 809.9382692526635, 360.5551275463989, 1660.2710622064096, 1159.7413504743201, 614.6543744251724, 1304.1855696180662, 543.323108288245, 779.3587107359486, 280.178514522438, 676.0177512462228]\n",
      "[1217.4152947946727, 1435.4441821262155, 2160.023148024113, 1006.2305898749054, 1647.5436261295176, 1549.451515859725, 0, 992.9753269845128, 1825.2944967867513, 1148.5643212288983, 816.1494961096282, 1718.4004189943623, 968.7620966986683, 1141.0959644131601, 934.0770846134702, 662.872536767062, 1421.2670403551895, 1208.3873551142449, 679.7793759742935, 1292.749008895385, 1388.0922159568506, 1169.6580696938743, 619.8386886924694, 935.200513259055, 395.60080889704966, 1880.4254837669052, 793.095202355934, 1318.9768762188364, 1852.8356645962965]\n",
      "[364.0054944640259, 860.5230967266364, 1521.2166183683375, 910.2197536858888, 841.1896337925236, 636.5532185135819, 992.9753269845128, 0, 941.7536832951597, 843.0895563343197, 1260.5157674539419, 742.4957912338629, 595.3990258641678, 1351.0366390294528, 1039.471019317037, 478.53944456021594, 1633.768649472746, 1286.0015552090128, 815.4140052758476, 931.4504817756015, 674.68511173732, 1508.9400253157844, 524.0229002629561, 264.1968962724581, 865.8521813797087, 1118.033988749895, 212.13203435596427, 362.3534186398688, 1182.9623831720094]\n",
      "[616.1168720299745, 620.966987850401, 769.0253571892152, 1160.6894502837526, 233.45235059857504, 306.10455730027934, 1825.2944967867513, 941.7536832951597, 0, 953.3624704172071, 1710.7308379753958, 382.099463490856, 937.4433316206372, 1584.9290204927158, 1360.5881081355958, 1167.7756633874505, 1761.3914953808537, 1438.3671297690307, 1333.641631023867, 892.6925562588724, 491.62994213127416, 1785.3851125177448, 1463.8647478507023, 893.5882720806043, 1549.5160534825059, 326.9556544854363, 1074.476616776745, 586.0034129593445, 513.1276644267]\n",
      "[629.3647591023825, 359.02646142032484, 1028.2509421342631, 213.7755832643195, 721.1102550927978, 824.6211251235321, 1148.5643212288983, 843.0895563343197, 953.3624704172071, 0, 771.0382610480494, 1091.6501271011698, 261.72504656604804, 641.9501538281613, 411.9465984809196, 580.5170109479997, 865.3323061113574, 514.78150704935, 488.3646178829912, 144.22205101855957, 475.3945729601885, 839.3449827097318, 1132.1660655575224, 581.8934610390462, 771.5568676384133, 848.999411071645, 758.023746329889, 813.9410298049853, 755.9100475585703]\n",
      "[1249.0796611905903, 1129.6902230257638, 1735.396208362805, 557.3149917237109, 1482.7339613025663, 1531.8289721767244, 816.1494961096282, 1260.5157674539419, 1710.7308379753958, 771.0382610480494, 0, 1780.8424972467385, 800.6247560499238, 362.49137920783716, 361.386219991853, 784.9203781276162, 611.310068623117, 490.40799340956914, 447.21359549995793, 876.4131445842195, 1220.040982918197, 353.5533905932738, 1214.9485585818027, 1038.7011119662866, 501.1985634456667, 1618.3015788165073, 1068.3164325236226, 1423.3762678926469, 1508.409758653132]\n",
      "[540.3702434442519, 837.3768566183329, 1149.3476410555686, 1271.3772060250255, 499.29950931279717, 269.2582403567252, 1718.4004189943623, 742.4957912338629, 382.099463490856, 1091.6501271011698, 1780.8424972467385, 0, 980.612053770501, 1730.7801709055948, 1461.642911247477, 1105.4863183232978, 1951.3328778042971, 1605.5217220579732, 1356.244815658294, 1079.1200118615168, 629.6824596572466, 1924.162155328911, 1253.9936203984453, 805.0465825031494, 1514.0013210033867, 700.9279563550023, 926.5527507918802, 400.24992192379, 870.9190547921202]\n",
      "[456.9463863518345, 466.9047011971501, 1194.7384651043926, 325.5764119219941, 724.2237223399962, 732.4616030891995, 968.7620966986683, 595.3990258641678, 937.4433316206372, 261.72504656604804, 800.6247560499238, 980.612053770501, 0, 788.1624198095212, 491.9349550499537, 340.14702703389895, 1053.612832116238, 700.3570517957252, 396.23225512317896, 383.275357934736, 452.21676218380054, 967.470929795826, 875.7282683572571, 331.2099032335839, 631.3477647065839, 924.3916918709298, 496.4876634922564, 639.5310782127792, 884.1379982785493]\n",
      "[1238.2245353731284, 967.470929795826, 1467.310464761974, 466.47615158762403, 1351.4806694880988, 1465.3668482670132, 1141.0959644131601, 1351.0366390294528, 1584.9290204927158, 641.9501538281613, 362.49137920783716, 1730.7801709055948, 788.1624198095212, 0, 312.40998703626616, 918.0958555619343, 300.83217912982644, 167.6305461424021, 586.0034129593445, 694.6221994724903, 1116.8258592994703, 200.9975124224178, 1435.4441821262155, 1096.5856099730654, 775.2418977325723, 1430.139853301068, 1192.015100575492, 1423.5870187663274, 1288.7590930814029]\n",
      "[948.4724561103501, 769.4153624668538, 1385.712812959453, 200.0, 1130.0, 1203.0378215168466, 934.0770846134702, 1039.471019317037, 1360.5881081355958, 411.9465984809196, 361.386219991853, 1461.642911247477, 491.9349550499537, 312.40998703626616, 0, 609.0155991434045, 605.3924347066124, 292.7456233660889, 294.27877939124323, 515.4609587543949, 873.6704184073077, 477.07441767506253, 1141.7968295629482, 787.4642849044012, 541.2947441089743, 1257.179382586272, 880.056816347672, 1131.4592347937241, 1148.2595525402783]\n",
      "[574.8912940721924, 796.3039620647382, 1526.3354808167173, 539.351462406472, 984.7842403288143, 905.2071586106686, 662.872536767062, 478.53944456021594, 1167.7756633874505, 580.5170109479997, 784.9203781276162, 1105.4863183232978, 340.14702703389895, 918.0958555619343, 609.0155991434045, 0, 1214.3310915891102, 887.6936408468858, 346.5544690232691, 715.6814934033156, 726.2231062146122, 1055.5093557141026, 561.426753904728, 300.66592756745814, 410.0, 1220.2458768625281, 284.2534080710379, 710.2816342831906, 1206.1509026651681]\n",
      "[1488.388390172404, 1142.322196230118, 1511.985449665439, 728.3543093852057, 1531.012736720371, 1682.3792675850473, 1421.2670403551895, 1633.768649472746, 1761.3914953808537, 865.3323061113574, 611.310068623117, 1951.3328778042971, 1053.612832116238, 300.83217912982644, 605.3924347066124, 1214.3310915891102, 0, 354.682957019364, 886.3972021616494, 877.2684879784523, 1323.782459469833, 275.13632984395207, 1736.2603491412226, 1374.4089638822936, 1068.8779163215975, 1561.793840428371, 1483.846353232032, 1674.3058263053379, 1396.0659010233005]\n",
      "[1134.063490286148, 817.8630692236935, 1299.7307413460683, 376.4306044943742, 1205.404496424333, 1337.5350462698163, 1208.3873551142449, 1286.0015552090128, 1438.3671297690307, 514.78150704935, 490.40799340956914, 1605.5217220579732, 700.3570517957252, 167.6305461424021, 292.7456233660889, 887.6936408468858, 354.682957019364, 0, 586.9412236331675, 545.7105459856901, 982.344135219425, 361.24783736376884, 1431.3629868066312, 1024.4998779892558, 822.9823813423955, 1270.3542812932146, 1146.1239025515522, 1320.0378782444086, 1124.4554237496477]\n",
      "[817.4350127074323, 819.8780397107853, 1516.443206981389, 326.49655434629017, 1118.257573191436, 1120.0446419674531, 679.7793759742935, 815.4140052758476, 1333.641631023867, 488.3646178829912, 447.21359549995793, 1356.244815658294, 396.23225512317896, 586.0034129593445, 294.27877939124323, 346.5544690232691, 886.3972021616494, 586.9412236331675, 0, 629.3647591023825, 846.4632301523794, 710.6335201775947, 850.9406559801923, 592.3681287847954, 288.44410203711914, 1301.8832512940628, 630.3173803727769, 984.8857801796105, 1234.220401711137]\n",
      "[671.1929677819934, 272.9468812791236, 890.2246907382428, 331.2099032335839, 659.6969000988257, 809.9382692526635, 1292.749008895385, 931.4504817756015, 892.6925562588724, 144.22205101855957, 876.4131445842195, 1079.1200118615168, 383.275357934736, 694.6221994724903, 515.4609587543949, 715.6814934033156, 877.2684879784523, 545.7105459856901, 629.3647591023825, 0, 449.44410108488466, 895.6003573022958, 1258.967831201417, 678.9698078707182, 914.3850392476902, 746.7261881037788, 870.5170877128145, 848.1155581640983, 633.2456079595025]\n",
      "[320.1562118716424, 228.25424421026653, 852.3496934944014, 674.7592163134935, 272.02941017470886, 360.5551275463989, 1388.0922159568506, 674.68511173732, 491.62994213127416, 475.3945729601885, 1220.040982918197, 629.6824596572466, 452.21676218380054, 1116.8258592994703, 873.6704184073077, 726.2231062146122, 1323.782459469833, 982.344135219425, 846.4632301523794, 449.44410108488466, 0, 1314.7243057006285, 1140.6138698087095, 507.74009099144416, 1078.3784122468328, 495.17673612559787, 720.69410986909, 452.21676218380054, 514.78150704935]\n",
      "[1422.3923509355639, 1168.4177335182824, 1652.4527224704493, 653.9113089708726, 1551.9342769589182, 1660.2710622064096, 1169.6580696938743, 1508.9400253157844, 1785.3851125177448, 839.3449827097318, 353.5533905932738, 1924.162155328911, 967.470929795826, 200.9975124224178, 477.07441767506253, 1055.5093557141026, 275.13632984395207, 361.24783736376884, 710.6335201775947, 895.6003573022958, 1314.7243057006285, 0, 1539.5129099815954, 1262.1014222319852, 841.5461959987699, 1630.0, 1336.899397860587, 1606.5490966665163, 1485.6984889270097]\n",
      "[864.002314811714, 1280.8200498118383, 1990.6029237394382, 1098.9540481748998, 1346.1797799699712, 1159.7413504743201, 619.8386886924694, 524.0229002629561, 1463.8647478507023, 1132.1660655575224, 1214.9485585818027, 1253.9936203984453, 875.7282683572571, 1435.4441821262155, 1141.7968295629482, 561.426753904728, 1736.2603491412226, 1431.3629868066312, 850.9406559801923, 1258.967831201417, 1140.6138698087095, 1539.5129099815954, 0, 635.6099432828281, 718.4010022264724, 1616.9724796668618, 420.47592083257274, 886.1715409558129, 1654.6903033498443]\n",
      "[282.3118842698621, 650.0, 1355.1752654177244, 648.1512169239521, 735.5270219373317, 614.6543744251724, 935.200513259055, 264.1968962724581, 893.5882720806043, 581.8934610390462, 1038.7011119662866, 805.0465825031494, 331.2099032335839, 1096.5856099730654, 787.4642849044012, 300.66592756745814, 1374.4089638822936, 1024.4998779892558, 592.3681287847954, 678.9698078707182, 507.74009099144416, 1262.1014222319852, 635.6099432828281, 0, 710.2816342831906, 994.8869282486327, 215.40659228538016, 410.0, 1020.0]\n",
      "[978.6725703727473, 1086.0018416190646, 1796.5522536235899, 614.00325732035, 1348.517704741024, 1304.1855696180662, 395.60080889704966, 865.8521813797087, 1549.5160534825059, 771.5568676384133, 501.1985634456667, 1514.0013210033867, 631.3477647065839, 775.2418977325723, 541.2947441089743, 410.0, 1068.8779163215975, 822.9823813423955, 288.44410203711914, 914.3850392476902, 1078.3784122468328, 841.5461959987699, 718.4010022264724, 710.2816342831906, 0, 1555.538491969903, 655.2098900352466, 1120.1785571952357, 1504.1608956491323]\n",
      "[756.6372975210778, 490.40799340956914, 451.7742799230607, 1062.308806327049, 278.5677655436824, 543.323108288245, 1880.4254837669052, 1118.033988749895, 326.9556544854363, 848.999411071645, 1618.3015788165073, 700.9279563550023, 924.3916918709298, 1430.139853301068, 1257.179382586272, 1220.2458768625281, 1561.793840428371, 1270.3542812932146, 1301.8832512940628, 746.7261881037788, 495.17673612559787, 1630.0, 1616.9724796668618, 994.8869282486327, 1555.538491969903, 0, 1202.0815280171307, 800.812087820857, 198.4943324127921]\n",
      "[460.10868281309365, 864.002314811714, 1570.1273833673497, 778.7810988975015, 936.055553906925, 779.3587107359486, 793.095202355934, 212.13203435596427, 1074.476616776745, 758.023746329889, 1068.3164325236226, 926.5527507918802, 496.4876634922564, 1192.015100575492, 880.056816347672, 284.2534080710379, 1483.846353232032, 1146.1239025515522, 630.3173803727769, 870.5170877128145, 720.69410986909, 1336.899397860587, 420.47592083257274, 215.40659228538016, 655.2098900352466, 1202.0815280171307, 0, 529.2447448959697, 1234.3419299367579]\n",
      "[186.01075237738274, 677.7905281132217, 1233.2072007574395, 957.183368012629, 523.9274758971894, 280.178514522438, 1318.9768762188364, 362.3534186398688, 586.0034129593445, 813.9410298049853, 1423.3762678926469, 400.24992192379, 639.5310782127792, 1423.5870187663274, 1131.4592347937241, 710.2816342831906, 1674.3058263053379, 1320.0378782444086, 984.8857801796105, 848.1155581640983, 452.21676218380054, 1606.5490966665163, 886.1715409558129, 410.0, 1120.1785571952357, 800.812087820857, 529.2447448959697, 0, 902.7181176868004]\n",
      "[820.0609733428363, 418.68842830916645, 338.3784863137726, 962.5487000666511, 393.19206502675, 676.0177512462228, 1852.8356645962965, 1182.9623831720094, 513.1276644267, 755.9100475585703, 1508.409758653132, 870.9190547921202, 884.1379982785493, 1288.7590930814029, 1148.2595525402783, 1206.1509026651681, 1396.0659010233005, 1124.4554237496477, 1234.220401711137, 633.2456079595025, 514.78150704935, 1485.6984889270097, 1654.6903033498443, 1020.0, 1504.1608956491323, 198.4943324127921, 1234.3419299367579, 902.7181176868004, 0]\n"
     ]
    }
   ],
   "source": [
    "import math\n",
    "\n",
    "data = [[1150.0, 1760.0], [630.0, 1660.0], [40.0, 2090.0], [750.0, 1100.0], [750.0, 2030.0], [1030.0, 2070.0], [1650.0, 650.0], [1490.0, 1630.0], [790.0, 2260.0], [710.0, 1310.0], [840.0, 550.0], [1170.0, 2300.0], [970.0, 1340.0], [510.0, 700.0], [750.0, 900.0], [1280.0, 1200.0], [230.0, 590.0], [460.0, 860.0], [1040.0, 950.0], [590.0, 1390.0], [830.0, 1770.0], [490.0, 500.0], [1840.0, 1240.0], [1260.0, 1500.0], [1280.0, 790.0], [490.0, 2130.0], [1460.0, 1420.0], [1260.0, 1910.0], [360.0, 1980.0]]\n",
    "\n",
    "n = len(data)\n",
    "distance_matrix = [[0] * n for _ in range(n)]\n",
    "\n",
    "for i in range(n):\n",
    "    for j in range(i+1, n):\n",
    "        x1, y1 = data[i]\n",
    "        x2, y2 = data[j]\n",
    "        distance = math.sqrt((x1 - x2)**2 + (y1 - y2)**2)\n",
    "        distance_matrix[i][j] = distance_matrix[j][i] = distance\n",
    "\n",
    "for row in distance_matrix:\n",
    "    print(row)\n",
    "    \n",
    "tsp_instance = distance_matrix"
   ]
  },
  {
   "cell_type": "code",
   "execution_count": 124,
   "id": "a800d91d8b10bf5",
   "metadata": {
    "ExecuteTime": {
     "end_time": "2024-04-01T03:17:51.502657Z",
     "start_time": "2024-04-01T03:17:51.121142Z"
    },
    "collapsed": false
   },
   "outputs": [
    {
     "name": "stdout",
     "output_type": "stream",
     "text": [
      "PSO Best solution: [15, 18, 11, 1, 24, 14, 12, 28, 21, 26, 23, 8, 25, 16, 27, 6, 5, 9, 3, 10, 20, 7, 13, 2, 29, 4, 19, 17, 22]\n",
      "PSO Best fitness: 19502.564896073683\n",
      "APSO Best solution: [25, 14, 17, 13, 20, 19, 23, 7, 15, 6, 28, 9, 1, 11, 22, 18, 10, 3, 5, 29, 12, 24, 2, 26, 21, 16, 27, 8, 4]\n",
      "APSO Best fitness: 18903.53810725972\n",
      "HPSO Best solution: [18, 14, 29, 26, 9, 5, 3, 21, 28, 6, 25, 4, 11, 7, 10, 12, 22, 17, 2, 13, 15, 24, 27, 1, 16, 19, 20, 8, 23]\n",
      "HPSO Best fitness: 20245.522199812007\n"
     ]
    }
   ],
   "source": [
    "import random\n",
    "import math\n",
    "import time\n",
    "from abc import ABC, abstractmethod\n",
    "import random\n",
    "\n",
    "class StochasticHillClimber:\n",
    "    def __init__(self, tsp_instance, max_iterations, max_stagnation):\n",
    "        self.tsp_instance = tsp_instance\n",
    "        self.max_iterations = max_iterations\n",
    "        self.max_stagnation = max_stagnation\n",
    "\n",
    "    def optimize(self):\n",
    "        iteration = 0\n",
    "        stagnation_counter = 0\n",
    "        num_cities = len(self.tsp_instance)\n",
    "        best_solution = list(range(num_cities))  # Initialize with a random solution\n",
    "        random.shuffle(best_solution)  # Shuffle the initial solution\n",
    "        best_fitness = PSO.calculate_fitness(best_solution, self.tsp_instance)\n",
    "        convergence_data = []\n",
    "        start_time = time.time()\n",
    "    \n",
    "        while iteration < self.max_iterations and stagnation_counter < self.max_stagnation:\n",
    "            new_solution = list(best_solution)\n",
    "    \n",
    "            if len(new_solution) >= 2:\n",
    "                i, j = random.sample(range(len(new_solution)), 2)\n",
    "                new_solution[i], new_solution[j] = new_solution[j], new_solution[i]\n",
    "                new_fitness = PSO.calculate_fitness(new_solution, self.tsp_instance)\n",
    "    \n",
    "                if new_fitness < best_fitness:\n",
    "                    best_solution = new_solution\n",
    "                    best_fitness = new_fitness\n",
    "                    stagnation_counter = 0\n",
    "                else:\n",
    "                    stagnation_counter += 1\n",
    "    \n",
    "                convergence_data.append(best_fitness)\n",
    "            else:\n",
    "                # Handle the case where the length of new_solution is less than 2\n",
    "                pass\n",
    "    \n",
    "            iteration += 1\n",
    "    \n",
    "        runtime = time.time() - start_time\n",
    "        return best_solution, best_fitness, convergence_data, runtime\n",
    "\n",
    "class RandomSampling:\n",
    "    def __init__(self, tsp_instance, num_samples):\n",
    "        self.tsp_instance = tsp_instance\n",
    "        self.num_samples = num_samples\n",
    "\n",
    "    def optimize(self):\n",
    "        best_solution = None\n",
    "        best_fitness = float('inf')\n",
    "        runtime = 0\n",
    "        convergence_data = []\n",
    "        \n",
    "        for _ in range(self.num_samples):\n",
    "            solution = list(range(len(self.tsp_instance)))\n",
    "            random.shuffle(solution)\n",
    "            fitness = PSO.calculate_fitness(solution, self.tsp_instance)\n",
    "\n",
    "            if fitness < best_fitness:\n",
    "                best_solution = solution\n",
    "                best_fitness = fitness\n",
    "\n",
    "            convergence_data.append(best_fitness)\n",
    "\n",
    "        return best_solution, best_fitness, convergence_data, runtime\n",
    "class BasePSO(ABC):\n",
    "    class Particle:\n",
    "        def __init__(self, solution, fitness):\n",
    "            self.solution = solution\n",
    "            self.fitness = fitness\n",
    "            self.pbest_solution = solution\n",
    "            self.pbest_fitness = fitness\n",
    "            self.velocity = [0] * len(solution)\n",
    "\n",
    "    def __init__(self, tsp_instance, population_size, max_iterations, w, c1, c2):\n",
    "        self.tsp_instance = tsp_instance\n",
    "        self.population_size = population_size\n",
    "        self.max_iterations = max_iterations\n",
    "        self.w = w\n",
    "        self.c1 = c1\n",
    "        self.c2 = c2\n",
    "        self.gbest_solution = None\n",
    "        self.gbest_fitness = float('inf')\n",
    "        \n",
    "    @abstractmethod\n",
    "    def create_particle(self):\n",
    "        pass\n",
    "        \n",
    "    @abstractmethod\n",
    "    def calculate_fitness(self, solution):\n",
    "        pass\n",
    "        \n",
    "    def update_velocity(self, particle):\n",
    "        for i in range(len(particle.velocity)):\n",
    "            r1 = random.random()\n",
    "            r2 = random.random()\n",
    "            cognitive_velocity = self.c1 * r1 * (particle.pbest_solution[i] - particle.solution[i])\n",
    "            social_velocity = self.c2 * r2 * (self.gbest_solution[i] - particle.solution[i])\n",
    "            particle.velocity[i] = self.w * particle.velocity[i] + cognitive_velocity + social_velocity\n",
    "            \n",
    "    @abstractmethod\n",
    "    def update_position(self, particle):\n",
    "        pass\n",
    "        \n",
    "    def optimize(self):\n",
    "        start_time = time.time()\n",
    "        swarm = [self.create_particle() for _ in range(self.population_size)]\n",
    "        \n",
    "        # Initialize gbest_solution and gbest_fitness\n",
    "        self.gbest_solution = swarm[0].solution\n",
    "        self.gbest_fitness = swarm[0].fitness\n",
    "        for particle in swarm[1:]:\n",
    "            if particle.fitness < self.gbest_fitness:\n",
    "                self.gbest_solution = particle.solution\n",
    "                self.gbest_fitness = particle.fitness\n",
    "        convergence_data = []\n",
    "        for iteration in range(self.max_iterations):\n",
    "            for particle in swarm:\n",
    "                self.update_velocity(particle)\n",
    "                self.update_position(particle)\n",
    "                \n",
    "                # Update gbest_solution and gbest_fitness\n",
    "                if particle.fitness < self.gbest_fitness:\n",
    "                    self.gbest_solution = particle.solution\n",
    "                    self.gbest_fitness = particle.fitness\n",
    "            convergence_data.append(self.gbest_fitness)\n",
    "        end_time = time.time()\n",
    "        runtime = end_time - start_time          \n",
    "        return self.gbest_solution, self.gbest_fitness, convergence_data, runtime\n",
    "\n",
    "class PSO(BasePSO):\n",
    "    def create_particle(self):\n",
    "        solution = random.sample(range(1, len(self.tsp_instance) + 1), len(self.tsp_instance))\n",
    "        fitness = self.calculate_fitness(solution ,self.tsp_instance)\n",
    "        return BasePSO.Particle(solution, fitness)\n",
    "        \n",
    "    @staticmethod\n",
    "    def calculate_fitness(solution, tsp_instance):\n",
    "        total_distance = 0\n",
    "        for i in range(len(solution)):\n",
    "            city1 = solution[i] - 1  # Adjust the indexing to start from 0\n",
    "            city2 = solution[(i + 1) % len(solution)] - 1  # Adjust the indexing to start from 0\n",
    "            total_distance += tsp_instance[city1][city2]\n",
    "        return total_distance\n",
    "        \n",
    "    def update_position(self, particle):\n",
    "        new_solution = particle.solution[:]\n",
    "        for i in range(len(new_solution)):\n",
    "            if random.random() < math.tanh(abs(particle.velocity[i])):\n",
    "                j = random.randint(0, len(new_solution) - 1)\n",
    "                new_solution[i], new_solution[j] = new_solution[j], new_solution[i]\n",
    "        new_fitness = self.calculate_fitness(new_solution, self.tsp_instance)\n",
    "        if new_fitness < particle.fitness:\n",
    "            particle.solution = new_solution\n",
    "            particle.fitness = new_fitness\n",
    "            if new_fitness < particle.pbest_fitness:\n",
    "                particle.pbest_solution = new_solution\n",
    "                particle.pbest_fitness = new_fitness\n",
    "\n",
    "class APSO(PSO):\n",
    "    def __init__(self, tsp_instance, population_size, max_iterations, w_min, w_max, c1, c2):\n",
    "        super().__init__(tsp_instance, population_size, max_iterations, None, c1, c2)\n",
    "        self.w_min = w_min\n",
    "        self.w_max = w_max\n",
    "        \n",
    "    def update_velocity(self, particle, iteration):\n",
    "        w = self.w_max - (self.w_max - self.w_min) * (iteration / self.max_iterations)\n",
    "        for i in range(len(particle.velocity)):\n",
    "            r1 = random.random()\n",
    "            r2 = random.random()\n",
    "            cognitive_velocity = self.c1 * r1 * (particle.pbest_solution[i] - particle.solution[i])\n",
    "            social_velocity = self.c2 * r2 * (self.gbest_solution[i] - particle.solution[i])\n",
    "            particle.velocity[i] = w * particle.velocity[i] + cognitive_velocity + social_velocity\n",
    "            \n",
    "    def optimize(self):\n",
    "        start_time = time.time()\n",
    "        swarm = [self.create_particle() for _ in range(self.population_size)]\n",
    "        \n",
    "        # Initialize gbest_solution and gbest_fitness\n",
    "        self.gbest_solution = swarm[0].solution\n",
    "        self.gbest_fitness = swarm[0].fitness\n",
    "        for particle in swarm[1:]:\n",
    "            if particle.fitness < self.gbest_fitness:\n",
    "                self.gbest_solution = particle.solution\n",
    "                self.gbest_fitness = particle.fitness\n",
    "        convergence_data = []\n",
    "        for iteration in range(self.max_iterations):\n",
    "            for particle in swarm:\n",
    "                self.update_velocity(particle, iteration)\n",
    "                self.update_position(particle)\n",
    "                \n",
    "                # Update gbest_solution and gbest_fitness\n",
    "                if particle.fitness < self.gbest_fitness:\n",
    "                    self.gbest_solution = particle.solution\n",
    "                    self.gbest_fitness = particle.fitness\n",
    "            convergence_data.append(self.gbest_fitness)\n",
    "        end_time = time.time()\n",
    "        runtime = end_time - start_time       \n",
    "        return self.gbest_solution, self.gbest_fitness, convergence_data, runtime\n",
    "\n",
    "class DiscretePSO(PSO):\n",
    "    def create_particle(self):\n",
    "        solution = random.sample(range(1, len(self.tsp_instance) + 1), len(self.tsp_instance))\n",
    "        fitness = self.calculate_fitness(solution,self.tsp_instance)\n",
    "        return BasePSO.Particle(solution, fitness)\n",
    "        \n",
    "        \n",
    "    def update_velocity(self, particle):\n",
    "        for i in range(len(particle.velocity)):\n",
    "            r1 = random.random()\n",
    "            r2 = random.random()\n",
    "            cognitive_velocity = self.c1 * r1 * (particle.pbest_solution[i] - particle.solution[i])\n",
    "            social_velocity = self.c2 * r2 * (self.gbest_solution[i] - particle.solution[i])\n",
    "            particle.velocity[i] = math.ceil(self.w * particle.velocity[i] + cognitive_velocity + social_velocity)\n",
    "            \n",
    "    def update_position(self, particle):\n",
    "        new_solution = particle.solution[:]\n",
    "        for i in range(len(new_solution)):\n",
    "            if random.random() < 1 / (1 + math.exp(-abs(particle.velocity[i]))):\n",
    "                j = random.randint(0, len(new_solution) - 1)\n",
    "                new_solution[i], new_solution[j] = new_solution[j], new_solution[i]\n",
    "        new_fitness = self.calculate_fitness(new_solution, self.tsp_instance)\n",
    "        if new_fitness < particle.fitness:\n",
    "            particle.solution = new_solution\n",
    "            particle.fitness = new_fitness\n",
    "            if new_fitness < particle.pbest_fitness:\n",
    "                particle.pbest_solution = new_solution\n",
    "                particle.pbest_fitness = new_fitness\n",
    "\n",
    "# Usage example\n",
    "# tsp_instance = [\n",
    "#     [0, 10, 15, 20],\n",
    "#     [10, 0, 35, 25],\n",
    "#     [15, 35, 0, 30],\n",
    "#     [20, 25, 30, 0]\n",
    "# ]\n",
    "\n",
    "\n",
    "\n",
    "pso = PSO(tsp_instance, population_size=50, max_iterations=100, w=0.8, c1=2, c2=2)\n",
    "best_solution, best_fitness,convergence_data, runtime = pso.optimize()\n",
    "print(\"PSO Best solution:\", best_solution)\n",
    "print(\"PSO Best fitness:\", best_fitness)\n",
    "\n",
    "apso = APSO(tsp_instance, population_size=50, max_iterations=100, w_min=0.4, w_max=0.9, c1=2, c2=2)\n",
    "best_solution, best_fitness, convergence_data, runtime = apso.optimize()\n",
    "print(\"APSO Best solution:\", best_solution)\n",
    "print(\"APSO Best fitness:\", best_fitness)\n",
    "\n",
    "HPSO = DiscretePSO(tsp_instance, population_size=50, max_iterations=100, w=0.8, c1=2, c2=2)\n",
    "best_solution, best_fitness, convergence_data, runtime = HPSO.optimize()\n",
    "print(\"HPSO Best solution:\", best_solution)\n",
    "print(\"HPSO Best fitness:\", best_fitness)"
   ]
  },
  {
   "cell_type": "code",
   "execution_count": 128,
   "id": "624008888c2b1398",
   "metadata": {
    "ExecuteTime": {
     "end_time": "2024-04-01T03:17:51.513444Z",
     "start_time": "2024-04-01T03:17:51.503839Z"
    },
    "collapsed": false
   },
   "outputs": [],
   "source": [
    "import matplotlib.pyplot as plt\n",
    "import matplotlib\n",
    "import seaborn as sns\n",
    "import pandas as pd\n",
    "import numpy as np\n",
    "class PrettyPlotting:\n",
    "    def __init__(self):\n",
    "        #plt.style.use('seaborn')\n",
    "        sns.set(style='whitegrid', palette='muted', font_scale=1.2)\n",
    "        \n",
    "    def convergence_plot(self, data, algorithms, problem_instance):\n",
    "        plt.figure(figsize=(8, 6))\n",
    "        for algorithm in algorithms:\n",
    "            for run_data in data[algorithm]:\n",
    "                iterations = range(1, len(run_data['convergence_data']) + 1)\n",
    "                best_tour_lengths = run_data['convergence_data']\n",
    "                plt.plot(iterations, best_tour_lengths, label=f\"{algorithm} - Run {data[algorithm].index(run_data) + 1}\")\n",
    "        plt.xlabel('Number of Iterations')\n",
    "        plt.ylabel('Best Tour Length')\n",
    "        plt.title(f'Convergence Plot - Problem Instance: ')\n",
    "        plt.legend()\n",
    "        plt.tight_layout()\n",
    "        plt.show()\n",
    "        \n",
    "        \n",
    "\n",
    "    def plot_data(self, data, iterations = 100):\n",
    "        count = iterations  \n",
    "        plt.figure(figsize=(10, 10))\n",
    "        for algorithm in data.keys():\n",
    "            for run_data in data[algorithm]:\n",
    "                iterations = np.linspace(1, count,count)\n",
    "                plt.plot(iterations, run_data['convergence_data'], label=f'{algorithm} (cities)')\n",
    "        plt.legend(loc='upper right', fontsize='small')\n",
    "        plt.xlabel('Iterations')\n",
    "        plt.ylabel('Fitness')\n",
    "        \n",
    "        plt.show()\n",
    "        \n",
    "        \n",
    "    def box_plot_tour_lengths(self, data, algorithms):\n",
    "        plt.figure(figsize=(10, 6))\n",
    "        tour_lengths = []\n",
    "        for algorithm in algorithms:\n",
    "            algorithm_data = data[algorithm]\n",
    "            if algorithm == 'HPSO':\n",
    "                tour_lengths.append([run['best_fitness'] for run in algorithm_data])\n",
    "            else:\n",
    "                # Assuming the same data structure for other algorithms\n",
    "                tour_lengths.append([run['best_fitness'] for run in algorithm_data])\n",
    "        plt.boxplot(tour_lengths, labels=algorithms)\n",
    "        plt.ylabel('Best Tour Length')\n",
    "        plt.title('Distribution of Best Tour Lengths')\n",
    "    \n",
    "    def performance_heatmap(self, data, algorithms,instances =100):\n",
    "        # Create a dictionary to store performance ranks\n",
    "        performance_ranks = {}\n",
    "\n",
    "        # Iterate over instances\n",
    "        for instance in instances:\n",
    "            # Sort algorithms by best tour length for this instance\n",
    "            sorted_algos = sorted(algorithms, key=lambda algo: min(data[algo][instance]['best_fitness']))\n",
    "\n",
    "            # Assign ranks based on the sorted order\n",
    "            for rank, algo in enumerate(sorted_algos, start=1):\n",
    "                performance_ranks.setdefault(algo, {})[instance] = rank\n",
    "\n",
    "        # Create a DataFrame from the performance_ranks dictionary\n",
    "        df = pd.DataFrame.from_dict(performance_ranks, orient='index')\n",
    "\n",
    "        # Create the heatmap\n",
    "        plt.figure(figsize=(10, 6))\n",
    "        sns.heatmap(df, annot=True, cmap='YlGnBu')\n",
    "        plt.xlabel('Problem Instances')\n",
    "        plt.ylabel('Algorithms')\n",
    "        plt.title('Performance Comparison Matrix')\n",
    "\n",
    "    def tour_length_vs_runtime(self, data):\n",
    "        plt.figure(figsize=(10, 6))\n",
    "\n",
    "        best_fitnesses = []\n",
    "        runtimes = []\n",
    "        for algo_data in data.values():\n",
    "            for run_data in algo_data:\n",
    "                best_fitnesses.append(run_data['best_fitness'])\n",
    "                runtimes.append(run_data['runtime'])\n",
    "\n",
    "        # Plot a point for each run\n",
    "        plt.scatter(runtimes, best_fitnesses, label='cities', alpha=0.5)\n",
    "\n",
    "        plt.xlabel('Runtime')\n",
    "        plt.ylabel('Best Tour Length')\n",
    "        plt.title('Tour Length vs. Runtime')\n",
    "        plt.legend()\n",
    "\n",
    "       \n",
    "       \n",
    "    "
   ]
  },
  {
   "cell_type": "code",
   "execution_count": null,
   "id": "5a58df2d7cd03cf4",
   "metadata": {
    "ExecuteTime": {
     "end_time": "2024-04-01T03:17:51.515399Z",
     "start_time": "2024-04-01T03:17:51.514044Z"
    },
    "collapsed": false
   },
   "outputs": [],
   "source": []
  },
  {
   "cell_type": "markdown",
   "id": "7ff85a255a3bd6a8",
   "metadata": {
    "collapsed": false
   },
   "source": [
    "# Aim: Performance comparison of search algorithms { PSO , Binary PSO , Adaptive PSO , Random Sampling , Stochastic Hill Climbing }"
   ]
  },
  {
   "cell_type": "markdown",
   "id": "462ff0084d0407df",
   "metadata": {
    "collapsed": false
   },
   "source": [
    "# Experiment Design\n",
    "Objective: Compare the performance of PSO, HPSO, Random Sampling, Stochastic Hill Climbing, and Adaptive PSO on the Traveling Salesman Problem (TSP).\n",
    "    Problem instances: Select a set of benchmark TSP instances with varying sizes (e.g., 50, 100, 200 cities).\n",
    "    Performance metrics: Tour length (objective value), convergence speed, and runtime.\n",
    "    Parameter settings: Use recommended or commonly used hyperparameter values for each algorithm.\n",
    "    Procedure: Run each algorithm on each problem instance for a fixed number of iterations or until convergence. Record the performance metrics.\n",
    "    Analysis: Compare the algorithms based on their average performance across problem instances. Identify the strengths and weaknesses of each algorithm."
   ]
  },
  {
   "cell_type": "code",
   "execution_count": 138,
   "id": "ed14457596e4effe",
   "metadata": {
    "ExecuteTime": {
     "end_time": "2024-04-01T03:17:54.410827Z",
     "start_time": "2024-04-01T03:17:51.516290Z"
    },
    "collapsed": false
   },
   "outputs": [
    {
     "data": {
